
















Iteration,ANode,BNode,HOV,Volume,VC,TIME,DISTANCE, VHT, VMT, Toll1, Toll2, Toll3, Toll4, Toll5, Toll6, Toll7, Toll8, Toll9, Toll10, Toll11, Toll12, Toll13, Toll14, Toll15, Toll16, Toll17, Toll18, Toll19, Toll20, Toll21, Toll22, Toll23, Toll24, Toll25, Toll26, Toll27, Toll28, Toll29, Toll31, Toll32
 1,137946,137951, 100,   98.52,0.316225, 0.01, 0.22,           0.66,          21.39,25.00,25.00,25.00,25.00,25.00,25.00,25.00,25.00,25.00,25.00,25.00,25.00,25.00,25.00,25.00,25.00,25.00,25.00,25.00,25.00,25.00,25.00,25.00,25.00,25.00,25.00,25.00,25.00,25.00,25.00,25.00
 1,137946,139076, 100,   60.09,0.201915, 0.05, 1.60,           2.95,          95.99,25.00,25.00,25.00,25.00,25.00,25.00,25.00,25.00,25.00,25.00,25.00,25.00,25.00,25.00,25.00,25.00,25.00,25.00,25.00,25.00,25.00,25.00,25.00,25.00,25.00,25.00,25.00,25.00,25.00,25.00,25.00
 1,137951,137946, 100,   27.03,0.086760, 0.01, 0.22,           0.18,           5.87,25.00,25.00,25.00,25.00,25.00,25.00,25.00,25.00,25.00,25.00,25.00,25.00,25.00,25.00,25.00,25.00,25.00,25.00,25.00,25.00,25.00,25.00,25.00,25.00,25.00,25.00,25.00,25.00,25.00,25.00,25.00
 1,139012,139014, 100, 4130.07,4.625974, 1.07, 0.50,        4419.85,        2061.15,25.00,25.00,25.00,25.00,25.00,25.00,25.00,25.00,25.00,25.00,25.00,25.00,25.00,25.00,25.00,25.00,25.00,25.00,25.00,25.00,25.00,25.00,25.00,25.00,25.00,25.00,25.00,25.00,25.00,25.00,25.00
 1,139076,137946, 100,   98.52,0.331048, 0.05, 1.60,           4.85,         157.37,25.00,25.00,25.00,25.00,25.00,25.00,25.00,25.00,25.00,25.00,25.00,25.00,25.00,25.00,25.00,25.00,25.00,25.00,25.00,25.00,25.00,25.00,25.00,25.00,25.00,25.00,25.00,25.00,25.00,25.00,25.00
 1,139076,139100, 100,   60.09,0.201915, 0.01, 0.32,           0.60,          19.34,25.00,25.00,25.00,25.00,25.00,25.00,25.00,25.00,25.00,25.00,25.00,25.00,25.00,25.00,25.00,25.00,25.00,25.00,25.00,25.00,25.00,25.00,25.00,25.00,25.00,25.00,25.00,25.00,25.00,25.00,25.00
 1,139100,139076, 100,   92.94,0.312298, 0.01, 0.32,           0.92,          29.92,25.00,25.00,25.00,25.00,25.00,25.00,25.00,25.00,25.00,25.00,25.00,25.00,25.00,25.00,25.00,25.00,25.00,25.00,25.00,25.00,25.00,25.00,25.00,25.00,25.00,25.00,25.00,25.00,25.00,25.00,25.00
















 2,137946,137951, 100, 1491.11,4.786100, 0.53, 0.22,         793.83,         323.68,25.00,25.00,25.00,25.00,25.00,25.00,25.00,25.00,25.00,25.00,25.00,25.00,25.00,25.00,25.00,25.00,25.00,25.00,25.00,25.00,25.00,25.00,25.00,25.00,25.00,25.00,25.00,25.00,25.00,25.00,25.00
 2,137946,139076, 100, 3528.08,11.85511,145.7, 1.60,      513953.64,        5635.69,25.00,25.00,25.00,25.00,25.00,25.00,25.00,25.00,25.00,25.00,25.00,25.00,25.00,25.00,25.00,25.00,25.00,25.00,25.00,25.00,25.00,25.00,25.00,25.00,25.00,25.00,25.00,25.00,25.00,25.00,25.00
 2,137951,137946, 100,   24.38,0.078262, 0.01, 0.22,           0.16,           5.29,25.00,25.00,25.00,25.00,25.00,25.00,25.00,25.00,25.00,25.00,25.00,25.00,25.00,25.00,25.00,25.00,25.00,25.00,25.00,25.00,25.00,25.00,25.00,25.00,25.00,25.00,25.00,25.00,25.00,25.00,25.00
 2,139012,139014, 100, 3725.55,4.172888, 0.71, 0.50,        2659.16,        1859.28,25.00,25.00,25.00,25.00,25.00,25.00,25.00,25.00,25.00,25.00,25.00,25.00,25.00,25.00,25.00,25.00,25.00,25.00,25.00,25.00,25.00,25.00,25.00,25.00,25.00,25.00,25.00,25.00,25.00,25.00,25.00
 2,139076,137946, 100, 1476.90,4.962710, 4.52, 1.60,        6677.15,        2359.17,25.00,25.00,25.00,25.00,25.00,25.00,25.00,25.00,25.00,25.00,25.00,25.00,25.00,25.00,25.00,25.00,25.00,25.00,25.00,25.00,25.00,25.00,25.00,25.00,25.00,25.00,25.00,25.00,25.00,25.00,25.00
 2,139076,139100, 100, 4155.05,13.96185,56.47, 0.32,      234620.64,        1337.55,25.00,25.00,25.00,25.00,25.00,25.00,25.00,25.00,25.00,25.00,25.00,25.00,25.00,25.00,25.00,25.00,25.00,25.00,25.00,25.00,25.00,25.00,25.00,25.00,25.00,25.00,25.00,25.00,25.00,25.00,25.00
 2,139100,139076, 100,  630.34,2.118065, 0.04, 0.32,          25.09,         202.91,25.00,25.00,25.00,25.00,25.00,25.00,25.00,25.00,25.00,25.00,25.00,25.00,25.00,25.00,25.00,25.00,25.00,25.00,25.00,25.00,25.00,25.00,25.00,25.00,25.00,25.00,25.00,25.00,25.00,25.00,25.00
















 3,137946,137951, 100, 1361.03,4.368579, 0.37, 0.22,         505.72,         295.44,25.00,25.00,25.00,25.00,25.00,25.00,25.00,25.00,25.00,25.00,25.00,25.00,25.00,25.00,25.00,25.00,25.00,25.00,25.00,25.00,25.00,25.00,25.00,25.00,25.00,25.00,25.00,25.00,25.00,25.00,25.00
 3,137946,139076, 100, 3220.31,10.82092,101.1, 1.60,      325672.45,        5144.05,25.00,25.00,25.00,25.00,25.00,25.00,25.00,25.00,25.00,25.00,25.00,25.00,25.00,25.00,25.00,25.00,25.00,25.00,25.00,25.00,25.00,25.00,25.00,25.00,25.00,25.00,25.00,25.00,25.00,25.00,25.00
 3,137951,137946, 100,   22.26,0.071435, 0.01, 0.22,           0.15,           4.83,25.00,25.00,25.00,25.00,25.00,25.00,25.00,25.00,25.00,25.00,25.00,25.00,25.00,25.00,25.00,25.00,25.00,25.00,25.00,25.00,25.00,25.00,25.00,25.00,25.00,25.00,25.00,25.00,25.00,25.00,25.00
 3,139012,139014, 100, 3400.55,3.808862, 0.50, 0.50,        1700.73,        1697.08,25.00,25.00,25.00,25.00,25.00,25.00,25.00,25.00,25.00,25.00,25.00,25.00,25.00,25.00,25.00,25.00,25.00,25.00,25.00,25.00,25.00,25.00,25.00,25.00,25.00,25.00,25.00,25.00,25.00,25.00,25.00
 3,139076,137946, 100, 1348.06,4.529783, 3.15, 1.60,        4250.69,        2153.37,25.00,25.00,25.00,25.00,25.00,25.00,25.00,25.00,25.00,25.00,25.00,25.00,25.00,25.00,25.00,25.00,25.00,25.00,25.00,25.00,25.00,25.00,25.00,25.00,25.00,25.00,25.00,25.00,25.00,25.00,25.00
 3,139076,139100, 100, 3792.58,12.74387,39.20, 0.32,      148659.37,        1220.87,25.00,25.00,25.00,25.00,25.00,25.00,25.00,25.00,25.00,25.00,25.00,25.00,25.00,25.00,25.00,25.00,25.00,25.00,25.00,25.00,25.00,25.00,25.00,25.00,25.00,25.00,25.00,25.00,25.00,25.00,25.00
 3,139100,139076, 100, 2900.94,9.747793,13.42, 0.32,       38942.80,         933.84,25.00,25.00,25.00,25.00,25.00,25.00,25.00,25.00,25.00,25.00,25.00,25.00,25.00,25.00,25.00,25.00,25.00,25.00,25.00,25.00,25.00,25.00,25.00,25.00,25.00,25.00,25.00,25.00,25.00,25.00,25.00
















 4,137946,137951, 100, 1244.70,3.995171, 0.26, 0.22,         326.01,         270.19,25.00,25.00,25.00,25.00,25.00,25.00,25.00,25.00,25.00,25.00,25.00,25.00,25.00,25.00,25.00,25.00,25.00,25.00,25.00,25.00,25.00,25.00,25.00,25.00,25.00,25.00,25.00,25.00,25.00,25.00,25.00
 4,137946,139076, 100, 2945.05,9.895991,70.75, 1.60,      208375.78,        4704.36,25.00,25.00,25.00,25.00,25.00,25.00,25.00,25.00,25.00,25.00,25.00,25.00,25.00,25.00,25.00,25.00,25.00,25.00,25.00,25.00,25.00,25.00,25.00,25.00,25.00,25.00,25.00,25.00,25.00,25.00,25.00
 4,137951,137946, 100,  950.05,3.049422, 0.09, 0.22,          88.65,         206.23,25.00,25.00,25.00,25.00,25.00,25.00,25.00,25.00,25.00,25.00,25.00,25.00,25.00,25.00,25.00,25.00,25.00,25.00,25.00,25.00,25.00,25.00,25.00,25.00,25.00,25.00,25.00,25.00,25.00,25.00,25.00
 4,139012,139014, 100, 3109.89,3.483296, 0.35, 0.50,        1102.30,        1552.02,25.00,25.00,25.00,25.00,25.00,25.00,25.00,25.00,25.00,25.00,25.00,25.00,25.00,25.00,25.00,25.00,25.00,25.00,25.00,25.00,25.00,25.00,25.00,25.00,25.00,25.00,25.00,25.00,25.00,25.00,25.00
 4,139076,137946, 100, 1232.84,4.142595, 2.22, 1.60,        2737.37,        1969.31,25.00,25.00,25.00,25.00,25.00,25.00,25.00,25.00,25.00,25.00,25.00,25.00,25.00,25.00,25.00,25.00,25.00,25.00,25.00,25.00,25.00,25.00,25.00,25.00,25.00,25.00,25.00,25.00,25.00,25.00,25.00
 4,139076,139100, 100, 3468.40,11.65458,27.42, 0.32,       95107.55,        1116.51,25.00,25.00,25.00,25.00,25.00,25.00,25.00,25.00,25.00,25.00,25.00,25.00,25.00,25.00,25.00,25.00,25.00,25.00,25.00,25.00,25.00,25.00,25.00,25.00,25.00,25.00,25.00,25.00,25.00,25.00,25.00
 4,139100,139076, 100, 2652.98,8.914590, 9.39, 0.32,       24919.56,         854.02,25.00,25.00,25.00,25.00,25.00,25.00,25.00,25.00,25.00,25.00,25.00,25.00,25.00,25.00,25.00,25.00,25.00,25.00,25.00,25.00,25.00,25.00,25.00,25.00,25.00,25.00,25.00,25.00,25.00,25.00,25.00
















 5,137946,137951, 100, 1167.92,3.748733, 0.20, 0.22,         238.88,         253.52,25.00,25.00,25.00,25.00,25.00,25.00,25.00,25.00,25.00,25.00,25.00,25.00,25.00,25.00,25.00,25.00,25.00,25.00,25.00,25.00,25.00,25.00,25.00,25.00,25.00,25.00,25.00,25.00,25.00,25.00,25.00
 5,137946,139076, 100, 2763.38,9.285566,54.86, 1.60,      151593.41,        4414.18,25.00,25.00,25.00,25.00,25.00,25.00,25.00,25.00,25.00,25.00,25.00,25.00,25.00,25.00,25.00,25.00,25.00,25.00,25.00,25.00,25.00,25.00,25.00,25.00,25.00,25.00,25.00,25.00,25.00,25.00,25.00
 5,137951,137946, 100,  891.44,2.861322, 0.07, 0.22,          65.82,         193.51,25.00,25.00,25.00,25.00,25.00,25.00,25.00,25.00,25.00,25.00,25.00,25.00,25.00,25.00,25.00,25.00,25.00,25.00,25.00,25.00,25.00,25.00,25.00,25.00,25.00,25.00,25.00,25.00,25.00,25.00,25.00
 5,139012,139014, 100, 2918.06,3.268432, 0.28, 0.50,         811.84,        1456.29,25.00,25.00,25.00,25.00,25.00,25.00,25.00,25.00,25.00,25.00,25.00,25.00,25.00,25.00,25.00,25.00,25.00,25.00,25.00,25.00,25.00,25.00,25.00,25.00,25.00,25.00,25.00,25.00,25.00,25.00,25.00
 5,139076,137946, 100, 1156.79,3.887064, 1.73, 1.60,        2003.82,        1847.83,25.00,25.00,25.00,25.00,25.00,25.00,25.00,25.00,25.00,25.00,25.00,25.00,25.00,25.00,25.00,25.00,25.00,25.00,25.00,25.00,25.00,25.00,25.00,25.00,25.00,25.00,25.00,25.00,25.00,25.00,25.00
 5,139076,139100, 100, 3254.46,10.93568,21.26, 0.32,       69184.07,        1047.64,25.00,25.00,25.00,25.00,25.00,25.00,25.00,25.00,25.00,25.00,25.00,25.00,25.00,25.00,25.00,25.00,25.00,25.00,25.00,25.00,25.00,25.00,25.00,25.00,25.00,25.00,25.00,25.00,25.00,25.00,25.00
 5,139100,139076, 100, 2489.34,8.364703, 7.28, 0.32,       18130.88,         801.34,25.00,25.00,25.00,25.00,25.00,25.00,25.00,25.00,25.00,25.00,25.00,25.00,25.00,25.00,25.00,25.00,25.00,25.00,25.00,25.00,25.00,25.00,25.00,25.00,25.00,25.00,25.00,25.00,25.00,25.00,25.00
