
















Iteration,ANode,BNode,HOV,Volume,VC,TIME,DISTANCE, VHT, VMT, Toll1, Toll2, Toll3, Toll4, Toll5, Toll6, Toll7, Toll8, Toll9, Toll10, Toll11, Toll12, Toll13, Toll14, Toll15, Toll16, Toll17, Toll18, Toll19, Toll20, Toll21, Toll22, Toll23, Toll24, Toll25, Toll26, Toll27, Toll28, Toll29, Toll31, Toll32
 1,137946,137951, 100,19170.22,73.36479,29024, 0.22,   556398096.54,        4161.28,25.00,25.00,25.00,25.00,25.00,25.00,25.00,25.00,25.00,25.00,25.00,25.00,25.00,25.00,25.00,25.00,25.00,25.00,25.00,25.00,25.00,25.00,25.00,25.00,25.00,25.00,25.00,25.00,25.00,25.00,25.00
 1,137946,139076, 100, 4010.64,16.06827,491.5, 1.60,     1971286.07,        6406.52,25.00,25.00,25.00,25.00,25.00,25.00,25.00,25.00,25.00,25.00,25.00,25.00,25.00,25.00,25.00,25.00,25.00,25.00,25.00,25.00,25.00,25.00,25.00,25.00,25.00,25.00,25.00,25.00,25.00,25.00,25.00
 1,137951,137946, 100, 1851.89,7.087218, 2.53, 0.22,        4693.23,         401.99,25.00,25.00,25.00,25.00,25.00,25.00,25.00,25.00,25.00,25.00,25.00,25.00,25.00,25.00,25.00,25.00,25.00,25.00,25.00,25.00,25.00,25.00,25.00,25.00,25.00,25.00,25.00,25.00,25.00,25.00,25.00
 1,139012,139014, 100,29232.37,39.03896, 5350, 0.50,   156393499.32,       14588.71,25.00,25.00,25.00,25.00,25.00,25.00,25.00,25.00,25.00,25.00,25.00,25.00,25.00,25.00,25.00,25.00,25.00,25.00,25.00,25.00,25.00,25.00,25.00,25.00,25.00,25.00,25.00,25.00,25.00,25.00,25.00
 1,139076,137946, 100,22148.79,88.73714,*****, 1.60, 10124833543.15,       35380.04,25.00,25.00,25.00,25.00,25.00,25.00,25.00,25.00,25.00,25.00,25.00,25.00,25.00,25.00,25.00,25.00,25.00,25.00,25.00,25.00,25.00,25.00,25.00,25.00,25.00,25.00,25.00,25.00,25.00,25.00,25.00
 1,139076,139100, 100, 4057.48,16.25593,103.8, 0.32,      421005.17,        1306.14,25.00,25.00,25.00,25.00,25.00,25.00,25.00,25.00,25.00,25.00,25.00,25.00,25.00,25.00,25.00,25.00,25.00,25.00,25.00,25.00,25.00,25.00,25.00,25.00,25.00,25.00,25.00,25.00,25.00,25.00,25.00
 1,139100,139076, 100,21278.94,85.25216,78481, 0.32,  1669990651.11,        6849.90,25.00,25.00,25.00,25.00,25.00,25.00,25.00,25.00,25.00,25.00,25.00,25.00,25.00,25.00,25.00,25.00,25.00,25.00,25.00,25.00,25.00,25.00,25.00,25.00,25.00,25.00,25.00,25.00,25.00,25.00,25.00
