
















Iteration,ANode,BNode,HOV,Volume,VC,TIME,DISTANCE, VHT, VMT, Toll1, Toll2, Toll3, Toll4, Toll5, Toll6, Toll7, Toll8, Toll9, Toll10, Toll11, Toll12, Toll13, Toll14, Toll15, Toll16, Toll17, Toll18, Toll19, Toll20, Toll21, Toll22, Toll23, Toll24, Toll25, Toll26, Toll27, Toll28, Toll29, Toll31, Toll32
 1,137946,137951, 100,16093.30,53.61574, 8279, 0.22,   133236221.96,        3493.37,25.00,25.00,25.00,25.00,25.00,25.00,25.00,25.00,25.00,25.00,25.00,25.00,25.00,25.00,25.00,25.00,25.00,25.00,25.00,25.00,25.00,25.00,25.00,25.00,25.00,25.00,25.00,25.00,25.00,25.00,25.00
 1,137946,139076, 100, 3757.60,13.10547,217.5, 1.60,      817400.81,        6002.32,25.00,25.00,25.00,25.00,25.00,25.00,25.00,25.00,25.00,25.00,25.00,25.00,25.00,25.00,25.00,25.00,25.00,25.00,25.00,25.00,25.00,25.00,25.00,25.00,25.00,25.00,25.00,25.00,25.00,25.00,25.00
 1,137951,137946, 100, 1790.38,5.964752, 1.27, 0.22,        2282.46,         388.64,25.00,25.00,25.00,25.00,25.00,25.00,25.00,25.00,25.00,25.00,25.00,25.00,25.00,25.00,25.00,25.00,25.00,25.00,25.00,25.00,25.00,25.00,25.00,25.00,25.00,25.00,25.00,25.00,25.00,25.00,25.00
 1,139012,139014, 100,29567.21,34.37408, 3216, 0.50,    95081821.05,       14755.81,25.00,25.00,25.00,25.00,25.00,25.00,25.00,25.00,25.00,25.00,25.00,25.00,25.00,25.00,25.00,25.00,25.00,25.00,25.00,25.00,25.00,25.00,25.00,25.00,25.00,25.00,25.00,25.00,25.00,25.00,25.00
 1,139076,137946, 100,18737.53,65.35132,*****, 1.60,  2519683863.52,       29930.96,25.00,25.00,25.00,25.00,25.00,25.00,25.00,25.00,25.00,25.00,25.00,25.00,25.00,25.00,25.00,25.00,25.00,25.00,25.00,25.00,25.00,25.00,25.00,25.00,25.00,25.00,25.00,25.00,25.00,25.00,25.00
 1,139076,139100, 100, 3822.63,13.33228,46.95, 0.32,      179478.88,        1230.54,25.00,25.00,25.00,25.00,25.00,25.00,25.00,25.00,25.00,25.00,25.00,25.00,25.00,25.00,25.00,25.00,25.00,25.00,25.00,25.00,25.00,25.00,25.00,25.00,25.00,25.00,25.00,25.00,25.00,25.00,25.00
 1,139100,139076, 100,18015.67,62.83367,23159, 0.32,   417217660.51,        5799.42,25.00,25.00,25.00,25.00,25.00,25.00,25.00,25.00,25.00,25.00,25.00,25.00,25.00,25.00,25.00,25.00,25.00,25.00,25.00,25.00,25.00,25.00,25.00,25.00,25.00,25.00,25.00,25.00,25.00,25.00,25.00
