
















Iteration,ANode,BNode,HOV,Volume,VC,TIME,DISTANCE, VHT, VMT, Toll1, Toll2, Toll3, Toll4, Toll5, Toll6, Toll7, Toll8, Toll9, Toll10, Toll11, Toll12, Toll13, Toll14, Toll15, Toll16, Toll17, Toll18, Toll19, Toll20, Toll21, Toll22, Toll23, Toll24, Toll25, Toll26, Toll27, Toll28, Toll29, Toll31, Toll32
 1,137946,137951, 100,13257.29,52.76533, 7766, 0.22,   102957399.37,        2877.76,25.00,25.00,25.00,25.00,25.00,25.00,25.00,25.00,25.00,25.00,25.00,25.00,25.00,25.00,25.00,25.00,25.00,25.00,25.00,25.00,25.00,25.00,25.00,25.00,25.00,25.00,25.00,25.00,25.00,25.00,25.00
 1,137946,139076, 100, 3898.12,16.24217,513.1, 1.60,     2000270.81,        6226.78,25.00,25.00,25.00,25.00,25.00,25.00,25.00,25.00,25.00,25.00,25.00,25.00,25.00,25.00,25.00,25.00,25.00,25.00,25.00,25.00,25.00,25.00,25.00,25.00,25.00,25.00,25.00,25.00,25.00,25.00,25.00
 1,137951,137946, 100, 1954.74,7.780060, 3.68, 0.22,        7188.16,         424.32,25.00,25.00,25.00,25.00,25.00,25.00,25.00,25.00,25.00,25.00,25.00,25.00,25.00,25.00,25.00,25.00,25.00,25.00,25.00,25.00,25.00,25.00,25.00,25.00,25.00,25.00,25.00,25.00,25.00,25.00,25.00
 1,139012,139014, 100,35830.64,49.76478,14127, 0.50,   506178824.03,       17881.64,25.00,25.00,25.00,25.00,25.00,25.00,25.00,25.00,25.00,25.00,25.00,25.00,25.00,25.00,25.00,25.00,25.00,25.00,25.00,25.00,25.00,25.00,25.00,25.00,25.00,25.00,25.00,25.00,25.00,25.00,25.00
 1,139076,137946, 100,15913.12,66.30467,*****, 1.60,  2267503749.12,       25419.30,25.00,25.00,25.00,25.00,25.00,25.00,25.00,25.00,25.00,25.00,25.00,25.00,25.00,25.00,25.00,25.00,25.00,25.00,25.00,25.00,25.00,25.00,25.00,25.00,25.00,25.00,25.00,25.00,25.00,25.00,25.00
 1,139076,139100, 100, 4009.22,16.70508,115.7, 0.32,      463910.30,        1290.61,25.00,25.00,25.00,25.00,25.00,25.00,25.00,25.00,25.00,25.00,25.00,25.00,25.00,25.00,25.00,25.00,25.00,25.00,25.00,25.00,25.00,25.00,25.00,25.00,25.00,25.00,25.00,25.00,25.00,25.00,25.00
 1,139100,139076, 100,15359.01,63.99587,24920, 0.32,   382748661.59,        4944.22,25.00,25.00,25.00,25.00,25.00,25.00,25.00,25.00,25.00,25.00,25.00,25.00,25.00,25.00,25.00,25.00,25.00,25.00,25.00,25.00,25.00,25.00,25.00,25.00,25.00,25.00,25.00,25.00,25.00,25.00,25.00
