    3031   17.00   17.00
    3032  442.71  442.71
    3033    0.00    0.00
    3034    6.98    6.98
    3035    3.60    3.60
    3036  181.73  181.73
    3037   23.64   23.64
    3038  369.50  369.50
    3039    2.85    2.85
    3040   11.86   11.86
    3041   11.05   11.05
    3042  157.14  157.14
    3043  615.95  615.95
    3044    1.75    1.75
    3045    1.71    1.71
    3046  766.48  766.48
    3047    8.75    8.75
    3048   23.54   23.54
    3049  112.50  112.50
    3050  125.52  125.52
    3051   59.23   59.23
    3052   13.75   13.75
    3053   24.75   24.75
    3054   83.65   83.65
    3055   29.00   29.00
    3056   14.25   14.25
    3057  621.07  621.07
    3058  308.77  308.77
    3059    7.50    7.50
    3060  226.24  226.24
    3061    8.25    8.25
